(kicad_pcb (version 20171130) (host pcbnew "(5.1.6)-1")

  (general
    (thickness 1.6)
    (drawings 4)
    (tracks 173)
    (zones 0)
    (modules 50)
    (nets 129)
  )

  (page User 180.01 180.01)
  (title_block
    (title "Snow-weAR Goggles PCB")
    (company "ECE 477 - Team 6")
  )

  (layers
    (0 F.Cu signal)
    (31 B.Cu signal)
    (32 B.Adhes user)
    (33 F.Adhes user)
    (34 B.Paste user)
    (35 F.Paste user)
    (36 B.SilkS user)
    (37 F.SilkS user)
    (38 B.Mask user)
    (39 F.Mask user)
    (40 Dwgs.User user)
    (41 Cmts.User user)
    (42 Eco1.User user)
    (43 Eco2.User user)
    (44 Edge.Cuts user)
    (45 Margin user)
    (46 B.CrtYd user)
    (47 F.CrtYd user)
    (48 B.Fab user)
    (49 F.Fab user)
  )

  (setup
    (last_trace_width 0.25)
    (trace_clearance 0.2)
    (zone_clearance 0.508)
    (zone_45_only no)
    (trace_min 0.2)
    (via_size 0.8)
    (via_drill 0.4)
    (via_min_size 0.4)
    (via_min_drill 0.3)
    (uvia_size 0.3)
    (uvia_drill 0.1)
    (uvias_allowed no)
    (uvia_min_size 0.2)
    (uvia_min_drill 0.1)
    (edge_width 0.1)
    (segment_width 0.2)
    (pcb_text_width 0.3)
    (pcb_text_size 1.5 1.5)
    (mod_edge_width 0.15)
    (mod_text_size 1 1)
    (mod_text_width 0.15)
    (pad_size 0.85 0.85)
    (pad_drill 0.5)
    (pad_to_mask_clearance 0)
    (aux_axis_origin 0 0)
    (visible_elements 7FFFFFFF)
    (pcbplotparams
      (layerselection 0x010fc_ffffffff)
      (usegerberextensions false)
      (usegerberattributes true)
      (usegerberadvancedattributes true)
      (creategerberjobfile true)
      (excludeedgelayer true)
      (linewidth 0.100000)
      (plotframeref false)
      (viasonmask false)
      (mode 1)
      (useauxorigin false)
      (hpglpennumber 1)
      (hpglpenspeed 20)
      (hpglpendiameter 15.000000)
      (psnegative false)
      (psa4output false)
      (plotreference true)
      (plotvalue true)
      (plotinvisibletext false)
      (padsonsilk false)
      (subtractmaskfromsilk false)
      (outputformat 1)
      (mirror false)
      (drillshape 1)
      (scaleselection 1)
      (outputdirectory ""))
  )

  (net 0 "")
  (net 1 PB1)
  (net 2 GND)
  (net 3 PB0)
  (net 4 NRST)
  (net 5 3V3)
  (net 6 "Net-(C12-Pad1)")
  (net 7 "Net-(C18-Pad1)")
  (net 8 "Net-(D1-Pad1)")
  (net 9 "Net-(D2-Pad1)")
  (net 10 DIO0)
  (net 11 I2C2_SDA)
  (net 12 I2C2_SCL)
  (net 13 V_supply)
  (net 14 PB12)
  (net 15 PB13)
  (net 16 PB14)
  (net 17 BOOT0)
  (net 18 SPI1_MOSI)
  (net 19 SPI1_SCK)
  (net 20 DC_OLED)
  (net 21 CS_OLED)
  (net 22 SWDIO)
  (net 23 SWCLK)
  (net 24 SWO)
  (net 25 "Net-(J7-Pad7)")
  (net 26 "Net-(J7-Pad8)")
  (net 27 "Net-(J8-Pad1)")
  (net 28 I2C_SDA)
  (net 29 I2C_SCL)
  (net 30 "Net-(R10-Pad1)")
  (net 31 PE0)
  (net 32 "Net-(RED1-Pad2)")
  (net 33 "Net-(Rf1-Pad1)")
  (net 34 "Net-(U1-Pad1)")
  (net 35 PE3)
  (net 36 "Net-(U1-Pad3)")
  (net 37 "Net-(U1-Pad4)")
  (net 38 "Net-(U1-Pad5)")
  (net 39 "Net-(U1-Pad7)")
  (net 40 "Net-(U1-Pad8)")
  (net 41 "Net-(U1-Pad9)")
  (net 42 PH0)
  (net 43 PH1)
  (net 44 "Net-(U1-Pad15)")
  (net 45 "Net-(U1-Pad16)")
  (net 46 "Net-(U1-Pad17)")
  (net 47 "Net-(U1-Pad18)")
  (net 48 "Net-(U1-Pad22)")
  (net 49 "Net-(U1-Pad23)")
  (net 50 "Net-(U1-Pad24)")
  (net 51 "Net-(U1-Pad25)")
  (net 52 PA3)
  (net 53 SPI1_MISO)
  (net 54 "Net-(U1-Pad33)")
  (net 55 "Net-(U1-Pad34)")
  (net 56 "Net-(U1-Pad37)")
  (net 57 "Net-(U1-Pad38)")
  (net 58 "Net-(U1-Pad39)")
  (net 59 "Net-(U1-Pad40)")
  (net 60 "Net-(U1-Pad41)")
  (net 61 "Net-(U1-Pad42)")
  (net 62 CS_LORA)
  (net 63 "Net-(U1-Pad44)")
  (net 64 "Net-(U1-Pad45)")
  (net 65 "Net-(U1-Pad46)")
  (net 66 "Net-(U1-Pad54)")
  (net 67 "Net-(U1-Pad55)")
  (net 68 "Net-(U1-Pad56)")
  (net 69 "Net-(U1-Pad57)")
  (net 70 "Net-(U1-Pad58)")
  (net 71 "Net-(U1-Pad59)")
  (net 72 "Net-(U1-Pad60)")
  (net 73 "Net-(U1-Pad61)")
  (net 74 "Net-(U1-Pad62)")
  (net 75 "Net-(U1-Pad63)")
  (net 76 "Net-(U1-Pad64)")
  (net 77 "Net-(U1-Pad65)")
  (net 78 "Net-(U1-Pad66)")
  (net 79 "Net-(U1-Pad68)")
  (net 80 "Net-(U1-Pad69)")
  (net 81 "Net-(U1-Pad70)")
  (net 82 "Net-(U1-Pad71)")
  (net 83 "Net-(U1-Pad73)")
  (net 84 "Net-(U1-Pad77)")
  (net 85 "Net-(U1-Pad78)")
  (net 86 "Net-(U1-Pad79)")
  (net 87 "Net-(U1-Pad80)")
  (net 88 "Net-(U1-Pad81)")
  (net 89 "Net-(U1-Pad82)")
  (net 90 "Net-(U1-Pad83)")
  (net 91 "Net-(U1-Pad84)")
  (net 92 USART_TX)
  (net 93 USART_RX)
  (net 94 "Net-(U1-Pad87)")
  (net 95 "Net-(U1-Pad88)")
  (net 96 "Net-(U1-Pad90)")
  (net 97 "Net-(U1-Pad91)")
  (net 98 "Net-(U1-Pad95)")
  (net 99 "Net-(U1-Pad96)")
  (net 100 "Net-(U1-Pad98)")
  (net 101 "Net-(U3-Pad7)")
  (net 102 "Net-(U3-Pad11)")
  (net 103 "Net-(U3-Pad12)")
  (net 104 "Net-(U3-Pad15)")
  (net 105 "Net-(U3-Pad16)")
  (net 106 "Net-(U4-Pad1)")
  (net 107 "Net-(U4-Pad27)")
  (net 108 "Net-(U4-Pad26)")
  (net 109 "Net-(U4-Pad24)")
  (net 110 "Net-(U4-Pad23)")
  (net 111 "Net-(U4-Pad22)")
  (net 112 "Net-(U4-Pad21)")
  (net 113 "Net-(U4-Pad7)")
  (net 114 "Net-(U4-Pad8)")
  (net 115 "Net-(U4-Pad12)")
  (net 116 "Net-(U4-Pad13)")
  (net 117 "Net-(LoRa_CON_Coaxial1-Pad1)")
  (net 118 "Net-(U2-Pad2)")
  (net 119 "Net-(U2-Pad4)")
  (net 120 "Net-(U2-Pad6)")
  (net 121 "Net-(U2-Pad7)")
  (net 122 "Net-(U2-Pad13)")
  (net 123 "Net-(U2-Pad14)")
  (net 124 "Net-(U2-Pad15)")
  (net 125 "Net-(U2-Pad16)")
  (net 126 "Net-(U2-Pad17)")
  (net 127 "Net-(U2-Pad18)")
  (net 128 "Net-(U2-Pad20)")

  (net_class Default "This is the default net class."
    (clearance 0.2)
    (trace_width 0.25)
    (via_dia 0.8)
    (via_drill 0.4)
    (uvia_dia 0.3)
    (uvia_drill 0.1)
    (add_net 3V3)
    (add_net BOOT0)
    (add_net CS_LORA)
    (add_net CS_OLED)
    (add_net DC_OLED)
    (add_net DIO0)
    (add_net GND)
    (add_net I2C2_SCL)
    (add_net I2C2_SDA)
    (add_net I2C_SCL)
    (add_net I2C_SDA)
    (add_net NRST)
    (add_net "Net-(C12-Pad1)")
    (add_net "Net-(C18-Pad1)")
    (add_net "Net-(D1-Pad1)")
    (add_net "Net-(D2-Pad1)")
    (add_net "Net-(J7-Pad7)")
    (add_net "Net-(J7-Pad8)")
    (add_net "Net-(J8-Pad1)")
    (add_net "Net-(LoRa_CON_Coaxial1-Pad1)")
    (add_net "Net-(R10-Pad1)")
    (add_net "Net-(RED1-Pad2)")
    (add_net "Net-(Rf1-Pad1)")
    (add_net "Net-(U1-Pad1)")
    (add_net "Net-(U1-Pad15)")
    (add_net "Net-(U1-Pad16)")
    (add_net "Net-(U1-Pad17)")
    (add_net "Net-(U1-Pad18)")
    (add_net "Net-(U1-Pad22)")
    (add_net "Net-(U1-Pad23)")
    (add_net "Net-(U1-Pad24)")
    (add_net "Net-(U1-Pad25)")
    (add_net "Net-(U1-Pad3)")
    (add_net "Net-(U1-Pad33)")
    (add_net "Net-(U1-Pad34)")
    (add_net "Net-(U1-Pad37)")
    (add_net "Net-(U1-Pad38)")
    (add_net "Net-(U1-Pad39)")
    (add_net "Net-(U1-Pad4)")
    (add_net "Net-(U1-Pad40)")
    (add_net "Net-(U1-Pad41)")
    (add_net "Net-(U1-Pad42)")
    (add_net "Net-(U1-Pad44)")
    (add_net "Net-(U1-Pad45)")
    (add_net "Net-(U1-Pad46)")
    (add_net "Net-(U1-Pad5)")
    (add_net "Net-(U1-Pad54)")
    (add_net "Net-(U1-Pad55)")
    (add_net "Net-(U1-Pad56)")
    (add_net "Net-(U1-Pad57)")
    (add_net "Net-(U1-Pad58)")
    (add_net "Net-(U1-Pad59)")
    (add_net "Net-(U1-Pad60)")
    (add_net "Net-(U1-Pad61)")
    (add_net "Net-(U1-Pad62)")
    (add_net "Net-(U1-Pad63)")
    (add_net "Net-(U1-Pad64)")
    (add_net "Net-(U1-Pad65)")
    (add_net "Net-(U1-Pad66)")
    (add_net "Net-(U1-Pad68)")
    (add_net "Net-(U1-Pad69)")
    (add_net "Net-(U1-Pad7)")
    (add_net "Net-(U1-Pad70)")
    (add_net "Net-(U1-Pad71)")
    (add_net "Net-(U1-Pad73)")
    (add_net "Net-(U1-Pad77)")
    (add_net "Net-(U1-Pad78)")
    (add_net "Net-(U1-Pad79)")
    (add_net "Net-(U1-Pad8)")
    (add_net "Net-(U1-Pad80)")
    (add_net "Net-(U1-Pad81)")
    (add_net "Net-(U1-Pad82)")
    (add_net "Net-(U1-Pad83)")
    (add_net "Net-(U1-Pad84)")
    (add_net "Net-(U1-Pad87)")
    (add_net "Net-(U1-Pad88)")
    (add_net "Net-(U1-Pad9)")
    (add_net "Net-(U1-Pad90)")
    (add_net "Net-(U1-Pad91)")
    (add_net "Net-(U1-Pad95)")
    (add_net "Net-(U1-Pad96)")
    (add_net "Net-(U1-Pad98)")
    (add_net "Net-(U2-Pad13)")
    (add_net "Net-(U2-Pad14)")
    (add_net "Net-(U2-Pad15)")
    (add_net "Net-(U2-Pad16)")
    (add_net "Net-(U2-Pad17)")
    (add_net "Net-(U2-Pad18)")
    (add_net "Net-(U2-Pad2)")
    (add_net "Net-(U2-Pad20)")
    (add_net "Net-(U2-Pad4)")
    (add_net "Net-(U2-Pad6)")
    (add_net "Net-(U2-Pad7)")
    (add_net "Net-(U3-Pad11)")
    (add_net "Net-(U3-Pad12)")
    (add_net "Net-(U3-Pad15)")
    (add_net "Net-(U3-Pad16)")
    (add_net "Net-(U3-Pad7)")
    (add_net "Net-(U4-Pad1)")
    (add_net "Net-(U4-Pad12)")
    (add_net "Net-(U4-Pad13)")
    (add_net "Net-(U4-Pad21)")
    (add_net "Net-(U4-Pad22)")
    (add_net "Net-(U4-Pad23)")
    (add_net "Net-(U4-Pad24)")
    (add_net "Net-(U4-Pad26)")
    (add_net "Net-(U4-Pad27)")
    (add_net "Net-(U4-Pad7)")
    (add_net "Net-(U4-Pad8)")
    (add_net PA3)
    (add_net PB0)
    (add_net PB1)
    (add_net PB12)
    (add_net PB13)
    (add_net PB14)
    (add_net PE0)
    (add_net PE3)
    (add_net PH0)
    (add_net PH1)
    (add_net SPI1_MISO)
    (add_net SPI1_MOSI)
    (add_net SPI1_SCK)
    (add_net SWCLK)
    (add_net SWDIO)
    (add_net SWO)
    (add_net USART_RX)
    (add_net USART_TX)
    (add_net V_supply)
  )

  (module footprint_lib:FGPMMOPA6H locked (layer F.Cu) (tedit 5F7E67ED) (tstamp 5F7F966E)
    (at 107.498 77.03)
    (path /5F74B7B3)
    (fp_text reference U2 (at -8 -8.5 -90) (layer F.SilkS)
      (effects (font (size 0.9652 0.9652) (thickness 0.14478)) (justify left bottom))
    )
    (fp_text value MTK3339 (at -8 9.5 -90) (layer F.Fab)
      (effects (font (size 0.9652 0.9652) (thickness 0.077216)) (justify left bottom))
    )
    (fp_circle (center -9.1 -8.4) (end -8.7838 -8.4) (layer F.SilkS) (width 0.2032))
    (fp_line (start 8 -8) (end 8 -7.5) (layer F.SilkS) (width 0.2032))
    (fp_line (start 8 7.5) (end 8 8) (layer F.SilkS) (width 0.2032))
    (fp_line (start -8 8) (end -8 -8) (layer F.Fab) (width 0.2032))
    (fp_line (start 8 8) (end -8 8) (layer F.Fab) (width 0.2032))
    (fp_line (start 8 -8) (end 8 8) (layer F.Fab) (width 0.127))
    (fp_line (start -8 -8) (end 8 -8) (layer F.Fab) (width 0.2032))
    (fp_line (start 8 8) (end -8 8) (layer F.SilkS) (width 0.2032))
    (fp_line (start -8 -8) (end 8 -8) (layer F.SilkS) (width 0.2032))
    (pad 1 smd rect (at -8 -6.75) (size 2 1) (layers F.Cu F.Paste F.Mask)
      (net 5 3V3) (solder_mask_margin 0.0508))
    (pad 2 smd rect (at -8 -5.25) (size 2 1) (layers F.Cu F.Paste F.Mask)
      (net 118 "Net-(U2-Pad2)") (solder_mask_margin 0.0508))
    (pad 3 smd rect (at -8 -3.75) (size 2 1) (layers F.Cu F.Paste F.Mask)
      (net 2 GND) (solder_mask_margin 0.0508))
    (pad 4 smd rect (at -8 -2.25) (size 2 1) (layers F.Cu F.Paste F.Mask)
      (net 119 "Net-(U2-Pad4)") (solder_mask_margin 0.0508))
    (pad 5 smd rect (at -8 -0.75) (size 2 1) (layers F.Cu F.Paste F.Mask)
      (net 32 "Net-(RED1-Pad2)") (solder_mask_margin 0.0508))
    (pad 6 smd rect (at -8 0.75) (size 2 1) (layers F.Cu F.Paste F.Mask)
      (net 120 "Net-(U2-Pad6)") (solder_mask_margin 0.0508))
    (pad 7 smd rect (at -8 2.25) (size 2 1) (layers F.Cu F.Paste F.Mask)
      (net 121 "Net-(U2-Pad7)") (solder_mask_margin 0.0508))
    (pad 8 smd rect (at -8 3.75) (size 2 1) (layers F.Cu F.Paste F.Mask)
      (net 2 GND) (solder_mask_margin 0.0508))
    (pad 9 smd rect (at -8 5.25) (size 2 1) (layers F.Cu F.Paste F.Mask)
      (net 93 USART_RX) (solder_mask_margin 0.0508))
    (pad 10 smd rect (at -8 6.75) (size 2 1) (layers F.Cu F.Paste F.Mask)
      (net 92 USART_TX) (solder_mask_margin 0.0508))
    (pad 11 smd rect (at 8 6.75 180) (size 2 1) (layers F.Cu F.Paste F.Mask)
      (net 27 "Net-(J8-Pad1)") (solder_mask_margin 0.0508))
    (pad 12 smd rect (at 8 5.25 180) (size 2 1) (layers F.Cu F.Paste F.Mask)
      (net 2 GND) (solder_mask_margin 0.0508))
    (pad 13 smd rect (at 8 3.75 180) (size 2 1) (layers F.Cu F.Paste F.Mask)
      (net 122 "Net-(U2-Pad13)") (solder_mask_margin 0.0508))
    (pad 14 smd rect (at 8 2.25 180) (size 2 1) (layers F.Cu F.Paste B.SilkS F.Mask)
      (net 123 "Net-(U2-Pad14)") (solder_mask_margin 0.0508))
    (pad 15 smd rect (at 8 0.75 180) (size 2 1) (layers F.Cu B.Adhes F.Paste F.Mask)
      (net 124 "Net-(U2-Pad15)") (solder_mask_margin 0.0508))
    (pad 16 smd rect (at 8 -0.75 180) (size 2 1) (layers F.Cu F.Paste F.Mask)
      (net 125 "Net-(U2-Pad16)") (solder_mask_margin 0.0508))
    (pad 17 smd rect (at 8 -2.25 180) (size 2 1) (layers F.Cu F.Paste F.Mask)
      (net 126 "Net-(U2-Pad17)") (solder_mask_margin 0.0508))
    (pad 18 smd rect (at 8 -3.75 180) (size 2 1) (layers F.Cu F.Paste F.Mask Eco1.User)
      (net 127 "Net-(U2-Pad18)") (solder_mask_margin 0.0508))
    (pad 19 smd rect (at 8 -5.25 180) (size 2 1) (layers F.Cu F.Paste F.Mask)
      (net 2 GND) (solder_mask_margin 0.0508))
    (pad 20 smd rect (at 8 -6.75 180) (size 2 1) (layers F.Cu F.Paste F.Mask)
      (net 128 "Net-(U2-Pad20)") (solder_mask_margin 0.0508))
    (pad "" np_thru_hole circle (at 0.2 -0.8) (size 3 3) (drill 3) (layers *.Cu *.Mask))
  )

  (module Button_Switch_SMD:SW_SP3T_PCM13 locked (layer F.Cu) (tedit 5A02FC95) (tstamp 5F7F952E)
    (at 54.61 104.902)
    (descr "Ultraminiature Surface Mount Slide Switch, right-angle, https://www.ckswitches.com/media/1424/pcm.pdf")
    (path /60374331)
    (attr smd)
    (fp_text reference S1 (at 0 -3.2) (layer F.SilkS)
      (effects (font (size 1 1) (thickness 0.15)))
    )
    (fp_text value ON/OFF-SWITCH (at 0 5.0165) (layer F.Fab)
      (effects (font (size 1 1) (thickness 0.15)))
    )
    (fp_line (start 4.95 0.72) (end 4.95 -0.07) (layer F.SilkS) (width 0.12))
    (fp_line (start -4.95 -0.07) (end -4.95 0.72) (layer F.SilkS) (width 0.12))
    (fp_line (start -0.85 -1.07) (end 0.85 -1.07) (layer F.SilkS) (width 0.12))
    (fp_line (start -4.35 1.72) (end 4.35 1.72) (layer F.SilkS) (width 0.12))
    (fp_line (start 0.65 3.02) (end 0.65 1.72) (layer F.SilkS) (width 0.12))
    (fp_line (start 0.45 3.22) (end -0.45 3.22) (layer F.SilkS) (width 0.12))
    (fp_line (start -0.65 1.72) (end -0.65 3.02) (layer F.SilkS) (width 0.12))
    (fp_line (start 0.65 3.02) (end 0.45 3.22) (layer F.SilkS) (width 0.12))
    (fp_line (start -0.65 3.02) (end -0.45 3.22) (layer F.SilkS) (width 0.12))
    (fp_line (start -5.9 2.1) (end -5.9 -2.45) (layer F.CrtYd) (width 0.05))
    (fp_line (start -2.4 2.1) (end -5.9 2.1) (layer F.CrtYd) (width 0.05))
    (fp_line (start -2.4 3.4) (end -2.4 2.1) (layer F.CrtYd) (width 0.05))
    (fp_line (start 2.4 3.4) (end -2.4 3.4) (layer F.CrtYd) (width 0.05))
    (fp_line (start 2.4 2.1) (end 2.4 3.4) (layer F.CrtYd) (width 0.05))
    (fp_line (start 5.9 2.1) (end 2.4 2.1) (layer F.CrtYd) (width 0.05))
    (fp_line (start 5.9 -2.45) (end 5.9 2.1) (layer F.CrtYd) (width 0.05))
    (fp_line (start -5.9 -2.45) (end 5.9 -2.45) (layer F.CrtYd) (width 0.05))
    (fp_line (start 2.15 -1.07) (end 2.35 -1.07) (layer F.SilkS) (width 0.12))
    (fp_line (start -2.35 -1.07) (end -2.15 -1.07) (layer F.SilkS) (width 0.12))
    (fp_line (start 3.65 -1.07) (end 4.35 -1.07) (layer F.SilkS) (width 0.12))
    (fp_line (start -4.35 -1.07) (end -3.65 -1.07) (layer F.SilkS) (width 0.12))
    (fp_line (start 4.85 1.6) (end -4.8 1.6) (layer F.Fab) (width 0.1))
    (fp_line (start 4.85 -0.95) (end 4.85 1.6) (layer F.Fab) (width 0.1))
    (fp_line (start -4.85 -0.95) (end 4.85 -0.95) (layer F.Fab) (width 0.1))
    (fp_line (start -4.85 1.6) (end -4.85 -0.95) (layer F.Fab) (width 0.1))
    (fp_line (start 0.65 2.85) (end 0.65 1.6) (layer F.Fab) (width 0.1))
    (fp_line (start 0.55 2.95) (end 0.65 2.85) (layer F.Fab) (width 0.1))
    (fp_line (start 0.4 3.1) (end 0.55 2.95) (layer F.Fab) (width 0.1))
    (fp_line (start -0.45 3.1) (end 0.4 3.1) (layer F.Fab) (width 0.1))
    (fp_line (start -0.65 2.9) (end -0.45 3.1) (layer F.Fab) (width 0.1))
    (fp_line (start -0.65 1.6) (end -0.65 2.9) (layer F.Fab) (width 0.1))
    (fp_text user %R (at 0 -3.2) (layer F.Fab)
      (effects (font (size 1 1) (thickness 0.15)))
    )
    (pad "" np_thru_hole circle (at -2.5 0.33) (size 0.9 0.9) (drill 0.9) (layers *.Cu *.Mask))
    (pad "" np_thru_hole circle (at 2.5 0.33) (size 0.9 0.9) (drill 0.9) (layers *.Cu *.Mask))
    (pad 1 smd rect (at -3 -1.43) (size 0.7 1.5) (layers F.Cu F.Paste F.Mask)
      (net 13 V_supply))
    (pad 2 smd rect (at -1.5 -1.43) (size 0.7 1.5) (layers F.Cu F.Paste F.Mask)
      (net 5 3V3))
    (pad 3 smd rect (at 1.5 -1.43) (size 0.7 1.5) (layers F.Cu F.Paste F.Mask)
      (net 2 GND))
    (pad 4 smd rect (at 3 -1.43) (size 0.7 1.5) (layers F.Cu F.Paste F.Mask))
    (pad "" smd rect (at -5.15 1.43) (size 1 0.8) (layers F.Cu F.Paste F.Mask))
    (pad "" smd rect (at 5.15 1.43) (size 1 0.8) (layers F.Cu F.Paste F.Mask))
    (pad "" smd rect (at 5.15 -0.78) (size 1 0.8) (layers F.Cu F.Paste F.Mask))
    (pad "" smd rect (at -5.15 -0.78) (size 1 0.8) (layers F.Cu F.Paste F.Mask))
    (model ${KISYS3DMOD}/Button_Switch_SMD.3dshapes/SW_SP3T_PCM13.wrl
      (at (xyz 0 0 0))
      (scale (xyz 1 1 1))
      (rotate (xyz 0 0 0))
    )
  )

  (module Capacitor_SMD:C_0603_1608Metric_Pad1.08x0.95mm_HandSolder (layer F.Cu) (tedit 5F68FEEF) (tstamp 5F7F91C8)
    (at 89.636 95.944 180)
    (descr "Capacitor SMD 0603 (1608 Metric), square (rectangular) end terminal, IPC_7351 nominal with elongated pad for handsoldering. (Body size source: IPC-SM-782 page 76, https://www.pcb-3d.com/wordpress/wp-content/uploads/ipc-sm-782a_amendment_1_and_2.pdf), generated with kicad-footprint-generator")
    (tags "capacitor handsolder")
    (path /5F921D9D)
    (attr smd)
    (fp_text reference C1 (at 0 -1.43) (layer F.SilkS)
      (effects (font (size 1 1) (thickness 0.15)))
    )
    (fp_text value 1uF (at 0 1.43) (layer F.Fab)
      (effects (font (size 1 1) (thickness 0.15)))
    )
    (fp_line (start 1.65 0.73) (end -1.65 0.73) (layer F.CrtYd) (width 0.05))
    (fp_line (start 1.65 -0.73) (end 1.65 0.73) (layer F.CrtYd) (width 0.05))
    (fp_line (start -1.65 -0.73) (end 1.65 -0.73) (layer F.CrtYd) (width 0.05))
    (fp_line (start -1.65 0.73) (end -1.65 -0.73) (layer F.CrtYd) (width 0.05))
    (fp_line (start -0.146267 0.51) (end 0.146267 0.51) (layer F.SilkS) (width 0.12))
    (fp_line (start -0.146267 -0.51) (end 0.146267 -0.51) (layer F.SilkS) (width 0.12))
    (fp_line (start 0.8 0.4) (end -0.8 0.4) (layer F.Fab) (width 0.1))
    (fp_line (start 0.8 -0.4) (end 0.8 0.4) (layer F.Fab) (width 0.1))
    (fp_line (start -0.8 -0.4) (end 0.8 -0.4) (layer F.Fab) (width 0.1))
    (fp_line (start -0.8 0.4) (end -0.8 -0.4) (layer F.Fab) (width 0.1))
    (fp_text user %R (at 0 0) (layer F.Fab)
      (effects (font (size 0.4 0.4) (thickness 0.06)))
    )
    (pad 1 smd roundrect (at -0.8625 0 180) (size 1.075 0.95) (layers F.Cu F.Paste F.Mask) (roundrect_rratio 0.25)
      (net 2 GND))
    (pad 2 smd roundrect (at 0.8625 0 180) (size 1.075 0.95) (layers F.Cu F.Paste F.Mask) (roundrect_rratio 0.25)
      (net 1 PB1))
    (model ${KISYS3DMOD}/Capacitor_SMD.3dshapes/C_0603_1608Metric.wrl
      (at (xyz 0 0 0))
      (scale (xyz 1 1 1))
      (rotate (xyz 0 0 0))
    )
  )

  (module Capacitor_SMD:C_0603_1608Metric_Pad1.08x0.95mm_HandSolder (layer F.Cu) (tedit 5F68FEEF) (tstamp 5F7F91D9)
    (at 76.298 94.73)
    (descr "Capacitor SMD 0603 (1608 Metric), square (rectangular) end terminal, IPC_7351 nominal with elongated pad for handsoldering. (Body size source: IPC-SM-782 page 76, https://www.pcb-3d.com/wordpress/wp-content/uploads/ipc-sm-782a_amendment_1_and_2.pdf), generated with kicad-footprint-generator")
    (tags "capacitor handsolder")
    (path /5F9411A7)
    (attr smd)
    (fp_text reference C2 (at 0 -1.43) (layer F.SilkS)
      (effects (font (size 1 1) (thickness 0.15)))
    )
    (fp_text value 1uF (at 0 1.43) (layer F.Fab)
      (effects (font (size 1 1) (thickness 0.15)))
    )
    (fp_line (start 1.65 0.73) (end -1.65 0.73) (layer F.CrtYd) (width 0.05))
    (fp_line (start 1.65 -0.73) (end 1.65 0.73) (layer F.CrtYd) (width 0.05))
    (fp_line (start -1.65 -0.73) (end 1.65 -0.73) (layer F.CrtYd) (width 0.05))
    (fp_line (start -1.65 0.73) (end -1.65 -0.73) (layer F.CrtYd) (width 0.05))
    (fp_line (start -0.146267 0.51) (end 0.146267 0.51) (layer F.SilkS) (width 0.12))
    (fp_line (start -0.146267 -0.51) (end 0.146267 -0.51) (layer F.SilkS) (width 0.12))
    (fp_line (start 0.8 0.4) (end -0.8 0.4) (layer F.Fab) (width 0.1))
    (fp_line (start 0.8 -0.4) (end 0.8 0.4) (layer F.Fab) (width 0.1))
    (fp_line (start -0.8 -0.4) (end 0.8 -0.4) (layer F.Fab) (width 0.1))
    (fp_line (start -0.8 0.4) (end -0.8 -0.4) (layer F.Fab) (width 0.1))
    (fp_text user %R (at 0 0) (layer F.Fab)
      (effects (font (size 0.4 0.4) (thickness 0.06)))
    )
    (pad 1 smd roundrect (at -0.8625 0) (size 1.075 0.95) (layers F.Cu F.Paste F.Mask) (roundrect_rratio 0.25)
      (net 2 GND))
    (pad 2 smd roundrect (at 0.8625 0) (size 1.075 0.95) (layers F.Cu F.Paste F.Mask) (roundrect_rratio 0.25)
      (net 3 PB0))
    (model ${KISYS3DMOD}/Capacitor_SMD.3dshapes/C_0603_1608Metric.wrl
      (at (xyz 0 0 0))
      (scale (xyz 1 1 1))
      (rotate (xyz 0 0 0))
    )
  )

  (module Capacitor_SMD:C_0603_1608Metric_Pad1.08x0.95mm_HandSolder (layer F.Cu) (tedit 5F68FEEF) (tstamp 5F7F91EA)
    (at 65.298 94.33)
    (descr "Capacitor SMD 0603 (1608 Metric), square (rectangular) end terminal, IPC_7351 nominal with elongated pad for handsoldering. (Body size source: IPC-SM-782 page 76, https://www.pcb-3d.com/wordpress/wp-content/uploads/ipc-sm-782a_amendment_1_and_2.pdf), generated with kicad-footprint-generator")
    (tags "capacitor handsolder")
    (path /5F83D977)
    (attr smd)
    (fp_text reference C3 (at 0 -1.43) (layer F.SilkS)
      (effects (font (size 1 1) (thickness 0.15)))
    )
    (fp_text value 1uF (at 0 1.43) (layer F.Fab)
      (effects (font (size 1 1) (thickness 0.15)))
    )
    (fp_line (start -0.8 0.4) (end -0.8 -0.4) (layer F.Fab) (width 0.1))
    (fp_line (start -0.8 -0.4) (end 0.8 -0.4) (layer F.Fab) (width 0.1))
    (fp_line (start 0.8 -0.4) (end 0.8 0.4) (layer F.Fab) (width 0.1))
    (fp_line (start 0.8 0.4) (end -0.8 0.4) (layer F.Fab) (width 0.1))
    (fp_line (start -0.146267 -0.51) (end 0.146267 -0.51) (layer F.SilkS) (width 0.12))
    (fp_line (start -0.146267 0.51) (end 0.146267 0.51) (layer F.SilkS) (width 0.12))
    (fp_line (start -1.65 0.73) (end -1.65 -0.73) (layer F.CrtYd) (width 0.05))
    (fp_line (start -1.65 -0.73) (end 1.65 -0.73) (layer F.CrtYd) (width 0.05))
    (fp_line (start 1.65 -0.73) (end 1.65 0.73) (layer F.CrtYd) (width 0.05))
    (fp_line (start 1.65 0.73) (end -1.65 0.73) (layer F.CrtYd) (width 0.05))
    (fp_text user %R (at 0 0) (layer F.Fab)
      (effects (font (size 0.4 0.4) (thickness 0.06)))
    )
    (pad 2 smd roundrect (at 0.8625 0) (size 1.075 0.95) (layers F.Cu F.Paste F.Mask) (roundrect_rratio 0.25)
      (net 4 NRST))
    (pad 1 smd roundrect (at -0.8625 0) (size 1.075 0.95) (layers F.Cu F.Paste F.Mask) (roundrect_rratio 0.25)
      (net 2 GND))
    (model ${KISYS3DMOD}/Capacitor_SMD.3dshapes/C_0603_1608Metric.wrl
      (at (xyz 0 0 0))
      (scale (xyz 1 1 1))
      (rotate (xyz 0 0 0))
    )
  )

  (module Capacitor_SMD:C_0603_1608Metric_Pad1.08x0.95mm_HandSolder (layer F.Cu) (tedit 5F68FEEF) (tstamp 5F7F91FB)
    (at 49.911 69.342 270)
    (descr "Capacitor SMD 0603 (1608 Metric), square (rectangular) end terminal, IPC_7351 nominal with elongated pad for handsoldering. (Body size source: IPC-SM-782 page 76, https://www.pcb-3d.com/wordpress/wp-content/uploads/ipc-sm-782a_amendment_1_and_2.pdf), generated with kicad-footprint-generator")
    (tags "capacitor handsolder")
    (path /5F8951ED)
    (attr smd)
    (fp_text reference C4 (at 0 -1.43 90) (layer F.SilkS)
      (effects (font (size 1 1) (thickness 0.15)))
    )
    (fp_text value 1uF (at 0 1.43 90) (layer F.Fab)
      (effects (font (size 1 1) (thickness 0.15)))
    )
    (fp_line (start 1.65 0.73) (end -1.65 0.73) (layer F.CrtYd) (width 0.05))
    (fp_line (start 1.65 -0.73) (end 1.65 0.73) (layer F.CrtYd) (width 0.05))
    (fp_line (start -1.65 -0.73) (end 1.65 -0.73) (layer F.CrtYd) (width 0.05))
    (fp_line (start -1.65 0.73) (end -1.65 -0.73) (layer F.CrtYd) (width 0.05))
    (fp_line (start -0.146267 0.51) (end 0.146267 0.51) (layer F.SilkS) (width 0.12))
    (fp_line (start -0.146267 -0.51) (end 0.146267 -0.51) (layer F.SilkS) (width 0.12))
    (fp_line (start 0.8 0.4) (end -0.8 0.4) (layer F.Fab) (width 0.1))
    (fp_line (start 0.8 -0.4) (end 0.8 0.4) (layer F.Fab) (width 0.1))
    (fp_line (start -0.8 -0.4) (end 0.8 -0.4) (layer F.Fab) (width 0.1))
    (fp_line (start -0.8 0.4) (end -0.8 -0.4) (layer F.Fab) (width 0.1))
    (fp_text user %R (at 0 0 90) (layer F.Fab)
      (effects (font (size 0.4 0.4) (thickness 0.06)))
    )
    (pad 1 smd roundrect (at -0.8625 0 270) (size 1.075 0.95) (layers F.Cu F.Paste F.Mask) (roundrect_rratio 0.25)
      (net 5 3V3))
    (pad 2 smd roundrect (at 0.8625 0 270) (size 1.075 0.95) (layers F.Cu F.Paste F.Mask) (roundrect_rratio 0.25)
      (net 2 GND))
    (model ${KISYS3DMOD}/Capacitor_SMD.3dshapes/C_0603_1608Metric.wrl
      (at (xyz 0 0 0))
      (scale (xyz 1 1 1))
      (rotate (xyz 0 0 0))
    )
  )

  (module Capacitor_SMD:C_0402_1005Metric_Pad0.74x0.62mm_HandSolder (layer F.Cu) (tedit 5F6BB22C) (tstamp 5F7F920C)
    (at 53.7845 69.912 270)
    (descr "Capacitor SMD 0402 (1005 Metric), square (rectangular) end terminal, IPC_7351 nominal with elongated pad for handsoldering. (Body size source: IPC-SM-782 page 76, https://www.pcb-3d.com/wordpress/wp-content/uploads/ipc-sm-782a_amendment_1_and_2.pdf), generated with kicad-footprint-generator")
    (tags "capacitor handsolder")
    (path /5F8951F4)
    (attr smd)
    (fp_text reference C5 (at 0 -1.16 90) (layer F.SilkS)
      (effects (font (size 1 1) (thickness 0.15)))
    )
    (fp_text value 0.1uF (at 0 1.16 90) (layer F.Fab)
      (effects (font (size 1 1) (thickness 0.15)))
    )
    (fp_line (start -0.5 0.25) (end -0.5 -0.25) (layer F.Fab) (width 0.1))
    (fp_line (start -0.5 -0.25) (end 0.5 -0.25) (layer F.Fab) (width 0.1))
    (fp_line (start 0.5 -0.25) (end 0.5 0.25) (layer F.Fab) (width 0.1))
    (fp_line (start 0.5 0.25) (end -0.5 0.25) (layer F.Fab) (width 0.1))
    (fp_line (start -0.115835 -0.36) (end 0.115835 -0.36) (layer F.SilkS) (width 0.12))
    (fp_line (start -0.115835 0.36) (end 0.115835 0.36) (layer F.SilkS) (width 0.12))
    (fp_line (start -1.08 0.46) (end -1.08 -0.46) (layer F.CrtYd) (width 0.05))
    (fp_line (start -1.08 -0.46) (end 1.08 -0.46) (layer F.CrtYd) (width 0.05))
    (fp_line (start 1.08 -0.46) (end 1.08 0.46) (layer F.CrtYd) (width 0.05))
    (fp_line (start 1.08 0.46) (end -1.08 0.46) (layer F.CrtYd) (width 0.05))
    (fp_text user %R (at 0 0 90) (layer F.Fab)
      (effects (font (size 0.25 0.25) (thickness 0.04)))
    )
    (pad 2 smd roundrect (at 0.5675 0 270) (size 0.735 0.62) (layers F.Cu F.Paste F.Mask) (roundrect_rratio 0.25)
      (net 2 GND))
    (pad 1 smd roundrect (at -0.5675 0 270) (size 0.735 0.62) (layers F.Cu F.Paste F.Mask) (roundrect_rratio 0.25)
      (net 5 3V3))
    (model ${KISYS3DMOD}/Capacitor_SMD.3dshapes/C_0402_1005Metric.wrl
      (at (xyz 0 0 0))
      (scale (xyz 1 1 1))
      (rotate (xyz 0 0 0))
    )
  )

  (module Capacitor_SMD:C_0402_1005Metric_Pad0.74x0.62mm_HandSolder (layer F.Cu) (tedit 5F6BB22C) (tstamp 5F7F921D)
    (at 64.2915 66.9465)
    (descr "Capacitor SMD 0402 (1005 Metric), square (rectangular) end terminal, IPC_7351 nominal with elongated pad for handsoldering. (Body size source: IPC-SM-782 page 76, https://www.pcb-3d.com/wordpress/wp-content/uploads/ipc-sm-782a_amendment_1_and_2.pdf), generated with kicad-footprint-generator")
    (tags "capacitor handsolder")
    (path /5F8F3A53)
    (attr smd)
    (fp_text reference C6 (at 0 -1.16) (layer F.SilkS)
      (effects (font (size 1 1) (thickness 0.15)))
    )
    (fp_text value 0.1uF (at 0 1.16) (layer F.Fab)
      (effects (font (size 1 1) (thickness 0.15)))
    )
    (fp_line (start 1.08 0.46) (end -1.08 0.46) (layer F.CrtYd) (width 0.05))
    (fp_line (start 1.08 -0.46) (end 1.08 0.46) (layer F.CrtYd) (width 0.05))
    (fp_line (start -1.08 -0.46) (end 1.08 -0.46) (layer F.CrtYd) (width 0.05))
    (fp_line (start -1.08 0.46) (end -1.08 -0.46) (layer F.CrtYd) (width 0.05))
    (fp_line (start -0.115835 0.36) (end 0.115835 0.36) (layer F.SilkS) (width 0.12))
    (fp_line (start -0.115835 -0.36) (end 0.115835 -0.36) (layer F.SilkS) (width 0.12))
    (fp_line (start 0.5 0.25) (end -0.5 0.25) (layer F.Fab) (width 0.1))
    (fp_line (start 0.5 -0.25) (end 0.5 0.25) (layer F.Fab) (width 0.1))
    (fp_line (start -0.5 -0.25) (end 0.5 -0.25) (layer F.Fab) (width 0.1))
    (fp_line (start -0.5 0.25) (end -0.5 -0.25) (layer F.Fab) (width 0.1))
    (fp_text user %R (at 0 0) (layer F.Fab)
      (effects (font (size 0.25 0.25) (thickness 0.04)))
    )
    (pad 1 smd roundrect (at -0.5675 0) (size 0.735 0.62) (layers F.Cu F.Paste F.Mask) (roundrect_rratio 0.25)
      (net 5 3V3))
    (pad 2 smd roundrect (at 0.5675 0) (size 0.735 0.62) (layers F.Cu F.Paste F.Mask) (roundrect_rratio 0.25)
      (net 2 GND))
    (model ${KISYS3DMOD}/Capacitor_SMD.3dshapes/C_0402_1005Metric.wrl
      (at (xyz 0 0 0))
      (scale (xyz 1 1 1))
      (rotate (xyz 0 0 0))
    )
  )

  (module Capacitor_SMD:C_0402_1005Metric_Pad0.74x0.62mm_HandSolder (layer F.Cu) (tedit 5F6BB22C) (tstamp 5F7F922E)
    (at 64.2915 71.1465)
    (descr "Capacitor SMD 0402 (1005 Metric), square (rectangular) end terminal, IPC_7351 nominal with elongated pad for handsoldering. (Body size source: IPC-SM-782 page 76, https://www.pcb-3d.com/wordpress/wp-content/uploads/ipc-sm-782a_amendment_1_and_2.pdf), generated with kicad-footprint-generator")
    (tags "capacitor handsolder")
    (path /5F8F3A5A)
    (attr smd)
    (fp_text reference C7 (at 0 -1.16) (layer F.SilkS)
      (effects (font (size 1 1) (thickness 0.15)))
    )
    (fp_text value 0.1uF (at 0 1.16) (layer F.Fab)
      (effects (font (size 1 1) (thickness 0.15)))
    )
    (fp_line (start -0.5 0.25) (end -0.5 -0.25) (layer F.Fab) (width 0.1))
    (fp_line (start -0.5 -0.25) (end 0.5 -0.25) (layer F.Fab) (width 0.1))
    (fp_line (start 0.5 -0.25) (end 0.5 0.25) (layer F.Fab) (width 0.1))
    (fp_line (start 0.5 0.25) (end -0.5 0.25) (layer F.Fab) (width 0.1))
    (fp_line (start -0.115835 -0.36) (end 0.115835 -0.36) (layer F.SilkS) (width 0.12))
    (fp_line (start -0.115835 0.36) (end 0.115835 0.36) (layer F.SilkS) (width 0.12))
    (fp_line (start -1.08 0.46) (end -1.08 -0.46) (layer F.CrtYd) (width 0.05))
    (fp_line (start -1.08 -0.46) (end 1.08 -0.46) (layer F.CrtYd) (width 0.05))
    (fp_line (start 1.08 -0.46) (end 1.08 0.46) (layer F.CrtYd) (width 0.05))
    (fp_line (start 1.08 0.46) (end -1.08 0.46) (layer F.CrtYd) (width 0.05))
    (fp_text user %R (at 0 0) (layer F.Fab)
      (effects (font (size 0.25 0.25) (thickness 0.04)))
    )
    (pad 2 smd roundrect (at 0.5675 0) (size 0.735 0.62) (layers F.Cu F.Paste F.Mask) (roundrect_rratio 0.25)
      (net 2 GND))
    (pad 1 smd roundrect (at -0.5675 0) (size 0.735 0.62) (layers F.Cu F.Paste F.Mask) (roundrect_rratio 0.25)
      (net 5 3V3))
    (model ${KISYS3DMOD}/Capacitor_SMD.3dshapes/C_0402_1005Metric.wrl
      (at (xyz 0 0 0))
      (scale (xyz 1 1 1))
      (rotate (xyz 0 0 0))
    )
  )

  (module Capacitor_SMD:C_0402_1005Metric_Pad0.74x0.62mm_HandSolder (layer F.Cu) (tedit 5F6BB22C) (tstamp 5F7F923F)
    (at 64.2915 75.0465)
    (descr "Capacitor SMD 0402 (1005 Metric), square (rectangular) end terminal, IPC_7351 nominal with elongated pad for handsoldering. (Body size source: IPC-SM-782 page 76, https://www.pcb-3d.com/wordpress/wp-content/uploads/ipc-sm-782a_amendment_1_and_2.pdf), generated with kicad-footprint-generator")
    (tags "capacitor handsolder")
    (path /5F8F3A61)
    (attr smd)
    (fp_text reference C8 (at 0 -1.16) (layer F.SilkS)
      (effects (font (size 1 1) (thickness 0.15)))
    )
    (fp_text value 0.1uF (at 0 1.16) (layer F.Fab)
      (effects (font (size 1 1) (thickness 0.15)))
    )
    (fp_line (start 1.08 0.46) (end -1.08 0.46) (layer F.CrtYd) (width 0.05))
    (fp_line (start 1.08 -0.46) (end 1.08 0.46) (layer F.CrtYd) (width 0.05))
    (fp_line (start -1.08 -0.46) (end 1.08 -0.46) (layer F.CrtYd) (width 0.05))
    (fp_line (start -1.08 0.46) (end -1.08 -0.46) (layer F.CrtYd) (width 0.05))
    (fp_line (start -0.115835 0.36) (end 0.115835 0.36) (layer F.SilkS) (width 0.12))
    (fp_line (start -0.115835 -0.36) (end 0.115835 -0.36) (layer F.SilkS) (width 0.12))
    (fp_line (start 0.5 0.25) (end -0.5 0.25) (layer F.Fab) (width 0.1))
    (fp_line (start 0.5 -0.25) (end 0.5 0.25) (layer F.Fab) (width 0.1))
    (fp_line (start -0.5 -0.25) (end 0.5 -0.25) (layer F.Fab) (width 0.1))
    (fp_line (start -0.5 0.25) (end -0.5 -0.25) (layer F.Fab) (width 0.1))
    (fp_text user %R (at 0 0) (layer F.Fab)
      (effects (font (size 0.25 0.25) (thickness 0.04)))
    )
    (pad 1 smd roundrect (at -0.5675 0) (size 0.735 0.62) (layers F.Cu F.Paste F.Mask) (roundrect_rratio 0.25)
      (net 5 3V3))
    (pad 2 smd roundrect (at 0.5675 0) (size 0.735 0.62) (layers F.Cu F.Paste F.Mask) (roundrect_rratio 0.25)
      (net 2 GND))
    (model ${KISYS3DMOD}/Capacitor_SMD.3dshapes/C_0402_1005Metric.wrl
      (at (xyz 0 0 0))
      (scale (xyz 1 1 1))
      (rotate (xyz 0 0 0))
    )
  )

  (module Capacitor_SMD:C_0402_1005Metric_Pad0.74x0.62mm_HandSolder (layer F.Cu) (tedit 5F6BB22C) (tstamp 5F7F9250)
    (at 64.2915 78.8465)
    (descr "Capacitor SMD 0402 (1005 Metric), square (rectangular) end terminal, IPC_7351 nominal with elongated pad for handsoldering. (Body size source: IPC-SM-782 page 76, https://www.pcb-3d.com/wordpress/wp-content/uploads/ipc-sm-782a_amendment_1_and_2.pdf), generated with kicad-footprint-generator")
    (tags "capacitor handsolder")
    (path /5F8F3A68)
    (attr smd)
    (fp_text reference C9 (at 0 -1.16) (layer F.SilkS)
      (effects (font (size 1 1) (thickness 0.15)))
    )
    (fp_text value 0.1uF (at 0 1.16) (layer F.Fab)
      (effects (font (size 1 1) (thickness 0.15)))
    )
    (fp_line (start -0.5 0.25) (end -0.5 -0.25) (layer F.Fab) (width 0.1))
    (fp_line (start -0.5 -0.25) (end 0.5 -0.25) (layer F.Fab) (width 0.1))
    (fp_line (start 0.5 -0.25) (end 0.5 0.25) (layer F.Fab) (width 0.1))
    (fp_line (start 0.5 0.25) (end -0.5 0.25) (layer F.Fab) (width 0.1))
    (fp_line (start -0.115835 -0.36) (end 0.115835 -0.36) (layer F.SilkS) (width 0.12))
    (fp_line (start -0.115835 0.36) (end 0.115835 0.36) (layer F.SilkS) (width 0.12))
    (fp_line (start -1.08 0.46) (end -1.08 -0.46) (layer F.CrtYd) (width 0.05))
    (fp_line (start -1.08 -0.46) (end 1.08 -0.46) (layer F.CrtYd) (width 0.05))
    (fp_line (start 1.08 -0.46) (end 1.08 0.46) (layer F.CrtYd) (width 0.05))
    (fp_line (start 1.08 0.46) (end -1.08 0.46) (layer F.CrtYd) (width 0.05))
    (fp_text user %R (at 0 0) (layer F.Fab)
      (effects (font (size 0.25 0.25) (thickness 0.04)))
    )
    (pad 2 smd roundrect (at 0.5675 0) (size 0.735 0.62) (layers F.Cu F.Paste F.Mask) (roundrect_rratio 0.25)
      (net 2 GND))
    (pad 1 smd roundrect (at -0.5675 0) (size 0.735 0.62) (layers F.Cu F.Paste F.Mask) (roundrect_rratio 0.25)
      (net 5 3V3))
    (model ${KISYS3DMOD}/Capacitor_SMD.3dshapes/C_0402_1005Metric.wrl
      (at (xyz 0 0 0))
      (scale (xyz 1 1 1))
      (rotate (xyz 0 0 0))
    )
  )

  (module Capacitor_SMD:C_0402_1005Metric_Pad0.74x0.62mm_HandSolder (layer F.Cu) (tedit 5F6BB22C) (tstamp 5F7F9261)
    (at 64.2915 82.8465)
    (descr "Capacitor SMD 0402 (1005 Metric), square (rectangular) end terminal, IPC_7351 nominal with elongated pad for handsoldering. (Body size source: IPC-SM-782 page 76, https://www.pcb-3d.com/wordpress/wp-content/uploads/ipc-sm-782a_amendment_1_and_2.pdf), generated with kicad-footprint-generator")
    (tags "capacitor handsolder")
    (path /5F8F3A6F)
    (attr smd)
    (fp_text reference C10 (at 0 -1.16) (layer F.SilkS)
      (effects (font (size 1 1) (thickness 0.15)))
    )
    (fp_text value 0.1uF (at 0 1.16) (layer F.Fab)
      (effects (font (size 1 1) (thickness 0.15)))
    )
    (fp_line (start 1.08 0.46) (end -1.08 0.46) (layer F.CrtYd) (width 0.05))
    (fp_line (start 1.08 -0.46) (end 1.08 0.46) (layer F.CrtYd) (width 0.05))
    (fp_line (start -1.08 -0.46) (end 1.08 -0.46) (layer F.CrtYd) (width 0.05))
    (fp_line (start -1.08 0.46) (end -1.08 -0.46) (layer F.CrtYd) (width 0.05))
    (fp_line (start -0.115835 0.36) (end 0.115835 0.36) (layer F.SilkS) (width 0.12))
    (fp_line (start -0.115835 -0.36) (end 0.115835 -0.36) (layer F.SilkS) (width 0.12))
    (fp_line (start 0.5 0.25) (end -0.5 0.25) (layer F.Fab) (width 0.1))
    (fp_line (start 0.5 -0.25) (end 0.5 0.25) (layer F.Fab) (width 0.1))
    (fp_line (start -0.5 -0.25) (end 0.5 -0.25) (layer F.Fab) (width 0.1))
    (fp_line (start -0.5 0.25) (end -0.5 -0.25) (layer F.Fab) (width 0.1))
    (fp_text user %R (at 0 0) (layer F.Fab)
      (effects (font (size 0.25 0.25) (thickness 0.04)))
    )
    (pad 1 smd roundrect (at -0.5675 0) (size 0.735 0.62) (layers F.Cu F.Paste F.Mask) (roundrect_rratio 0.25)
      (net 5 3V3))
    (pad 2 smd roundrect (at 0.5675 0) (size 0.735 0.62) (layers F.Cu F.Paste F.Mask) (roundrect_rratio 0.25)
      (net 2 GND))
    (model ${KISYS3DMOD}/Capacitor_SMD.3dshapes/C_0402_1005Metric.wrl
      (at (xyz 0 0 0))
      (scale (xyz 1 1 1))
      (rotate (xyz 0 0 0))
    )
  )

  (module Capacitor_SMD:C_0402_1005Metric_Pad0.74x0.62mm_HandSolder (layer F.Cu) (tedit 5F6BB22C) (tstamp 5F7F9272)
    (at 64.2915 86.8465)
    (descr "Capacitor SMD 0402 (1005 Metric), square (rectangular) end terminal, IPC_7351 nominal with elongated pad for handsoldering. (Body size source: IPC-SM-782 page 76, https://www.pcb-3d.com/wordpress/wp-content/uploads/ipc-sm-782a_amendment_1_and_2.pdf), generated with kicad-footprint-generator")
    (tags "capacitor handsolder")
    (path /5F8F3A76)
    (attr smd)
    (fp_text reference C11 (at 0 -1.16) (layer F.SilkS)
      (effects (font (size 1 1) (thickness 0.15)))
    )
    (fp_text value 0.1uF (at 0 1.16) (layer F.Fab)
      (effects (font (size 1 1) (thickness 0.15)))
    )
    (fp_line (start -0.5 0.25) (end -0.5 -0.25) (layer F.Fab) (width 0.1))
    (fp_line (start -0.5 -0.25) (end 0.5 -0.25) (layer F.Fab) (width 0.1))
    (fp_line (start 0.5 -0.25) (end 0.5 0.25) (layer F.Fab) (width 0.1))
    (fp_line (start 0.5 0.25) (end -0.5 0.25) (layer F.Fab) (width 0.1))
    (fp_line (start -0.115835 -0.36) (end 0.115835 -0.36) (layer F.SilkS) (width 0.12))
    (fp_line (start -0.115835 0.36) (end 0.115835 0.36) (layer F.SilkS) (width 0.12))
    (fp_line (start -1.08 0.46) (end -1.08 -0.46) (layer F.CrtYd) (width 0.05))
    (fp_line (start -1.08 -0.46) (end 1.08 -0.46) (layer F.CrtYd) (width 0.05))
    (fp_line (start 1.08 -0.46) (end 1.08 0.46) (layer F.CrtYd) (width 0.05))
    (fp_line (start 1.08 0.46) (end -1.08 0.46) (layer F.CrtYd) (width 0.05))
    (fp_text user %R (at 0 0) (layer F.Fab)
      (effects (font (size 0.25 0.25) (thickness 0.04)))
    )
    (pad 2 smd roundrect (at 0.5675 0) (size 0.735 0.62) (layers F.Cu F.Paste F.Mask) (roundrect_rratio 0.25)
      (net 2 GND))
    (pad 1 smd roundrect (at -0.5675 0) (size 0.735 0.62) (layers F.Cu F.Paste F.Mask) (roundrect_rratio 0.25)
      (net 5 3V3))
    (model ${KISYS3DMOD}/Capacitor_SMD.3dshapes/C_0402_1005Metric.wrl
      (at (xyz 0 0 0))
      (scale (xyz 1 1 1))
      (rotate (xyz 0 0 0))
    )
  )

  (module Capacitor_SMD:C_0603_1608Metric_Pad1.08x0.95mm_HandSolder (layer F.Cu) (tedit 5F68FEEF) (tstamp 5F7F9283)
    (at 74.9935 62.9285 270)
